id,nome,especialidade,telefone,email
1,gabriel hamborgueres,mecânica industrial,(19) 98765-4321,gabham@fabrica.com
2,natalia so que buti,eletrotécnica,(19) 97654-3210,nataliabuti@fabrica.com
3,spleff beberrao,automação,(19) 96543-2109,bebomuitaagua@fabrica.com